<?xml version="1.0"?>
<opencv_storage>
<root type_id="opencv-matrix">
  <rows>60</rows>
  <cols>20</cols>
  <dt>f</dt>
  <data>
    -2.08027557e-001 -2.02903181e-001 -2.01237500e-001 -1.99032485e-001
    -2.07365692e-001 -2.22956687e-001 -2.24480554e-001 -2.17274070e-001
    -2.19440937e-001 -2.18465298e-001 -2.07790554e-001 -2.63142675e-001
    -2.59710521e-001 -2.44560391e-001 -2.35525697e-001 -2.29649961e-001
    -2.29472443e-001 -2.25425690e-001 -2.20684037e-001 -2.19727457e-001
    1.85359027e-002 1.70115847e-002 1.57144088e-002 2.95473877e-002
    3.52227055e-002 3.99552733e-002 4.27285098e-002 3.97062823e-002
    4.12851125e-002 3.95975858e-002 4.10378277e-002 5.10242358e-002
    5.14699854e-002 5.13667427e-002 4.80865724e-002 4.71461117e-002
    4.82098237e-002 4.73675355e-002 4.53148820e-002 4.59811985e-002
    1.30462670e+000 1.30148089e+000 1.30177629e+000 1.30423212e+000
    1.30704367e+000 1.31535411e+000 1.34976172e+000 1.37381279e+000
    1.37970221e+000 1.38265562e+000 1.39746273e+000 1.43354750e+000
    1.44551480e+000 1.45798421e+000 1.46101069e+000 1.45762658e+000
    1.45659196e+000 1.45689189e+000 1.45643413e+000 1.45672226e+000
    -2.02370852e-001 -1.97009176e-001 -1.94216833e-001 -1.91833705e-001
    -1.98557287e-001 -2.14081526e-001 -2.13948980e-001 -2.05800176e-001
    -2.08393484e-001 -2.07630724e-001 -1.96505100e-001 -2.59999722e-001
    -2.51442462e-001 -2.37507850e-001 -2.28556409e-001 -2.20876500e-001
    -2.20943406e-001 -2.16931418e-001 -2.12264106e-001 -2.12145224e-001
    6.90859705e-002 6.74887449e-002 6.58971965e-002 7.73706138e-002
    8.23034793e-002 9.02695879e-002 8.87239650e-002 8.64728764e-002
    8.79448131e-002 8.73473436e-002 9.01052058e-002 9.91333053e-002
    9.99039486e-002 9.93641764e-002 9.76853743e-002 9.69381332e-002
    9.77346748e-002 9.72122848e-002 9.55758318e-002 9.61370543e-002
    1.34489465e+000 1.34206784e+000 1.34265339e+000 1.34523475e+000
    1.34799731e+000 1.35530305e+000 1.38895333e+000 1.41280663e+000
    1.41866124e+000 1.42108107e+000 1.42646039e+000 1.46303856e+000
    1.47772324e+000 1.49098039e+000 1.49171209e+000 1.49032867e+000
    1.49059081e+000 1.49037278e+000 1.48976707e+000 1.48995841e+000
    -1.83408350e-001 -1.77474499e-001 -1.68239832e-001 -1.66067511e-001
    -1.74130350e-001 -1.92920983e-001 -1.84916452e-001 -1.73212186e-001
    -1.80063307e-001 -1.80207178e-001 -1.62391663e-001 -2.34455660e-001
    -2.14618176e-001 -2.12595150e-001 -2.37406194e-001 -1.93902507e-001
    -1.97948903e-001 -1.91855952e-001 -1.85839310e-001 -1.92314133e-001
    3.55152458e-001 3.52461666e-001 3.51072341e-001 3.55303973e-001
    3.56618643e-001 3.80625606e-001 3.54633421e-001 3.51550609e-001
    3.51548702e-001 3.52712870e-001 3.53668064e-001 3.64326537e-001
    3.64445478e-001 3.63153070e-001 3.58100265e-001 3.67608070e-001
    3.67339879e-001 3.68283510e-001 3.67647439e-001 3.67509425e-001
    1.34759986e+000 1.34382796e+000 1.34569800e+000 1.35212839e+000
    1.35289860e+000 1.35025644e+000 1.38288176e+000 1.40355682e+000
    1.40898931e+000 1.40913451e+000 1.41250920e+000 1.45297122e+000
    1.46850669e+000 1.47809660e+000 1.48396945e+000 1.47982764e+000
    1.47968161e+000 1.47875953e+000 1.47809994e+000 1.47882080e+000
    -2.16543749e-001 -2.04402998e-001 -2.02044919e-001 -2.02691168e-001
    -2.16611192e-001 -2.35876426e-001 -2.40204215e-001 -2.40836799e-001
    -2.41163969e-001 -2.37895638e-001 -2.34541416e-001 -2.83220589e-001
    -2.78722703e-001 -2.57500619e-001 -2.49576628e-001 -2.45511442e-001
    -2.42606208e-001 -2.38165274e-001 -2.32123032e-001 -2.33529180e-001
    4.71303642e-001 4.69411224e-001 4.70366716e-001 4.70470756e-001
    4.71628547e-001 4.70676452e-001 4.67699319e-001 4.62628454e-001
    4.64664966e-001 4.61531222e-001 4.57432926e-001 4.70996797e-001
    4.72987413e-001 4.73795623e-001 4.75920618e-001 4.79412377e-001
    4.82051790e-001 4.84768331e-001 4.82428044e-001 4.87853050e-001
    1.31348073e+000 1.31047416e+000 1.31334615e+000 1.31588995e+000
    1.31596041e+000 1.31970644e+000 1.33029294e+000 1.34409523e+000
    1.34653127e+000 1.34549677e+000 1.34560752e+000 1.37451339e+000
    1.39969420e+000 1.40557218e+000 1.41153240e+000 1.41381121e+000
    1.41416121e+000 1.41219854e+000 1.41291809e+000 1.41001356e+000
    -3.69792610e-001 -3.60895187e-001 -3.59773397e-001 -3.60416174e-001
    -3.71492028e-001 -3.91588926e-001 -3.98571372e-001 -3.97584677e-001
    -3.98287237e-001 -3.95479918e-001 -3.86588126e-001 -4.42837596e-001
    -4.36238080e-001 -4.15406555e-001 -4.09532428e-001 -4.04462546e-001
    -4.02767748e-001 -3.97940755e-001 -3.92314762e-001 -3.90752614e-001
    3.24585289e-001 3.20917666e-001 3.20359230e-001 3.23082268e-001
    3.26355875e-001 3.30448508e-001 3.27698797e-001 3.25197130e-001
    3.25617969e-001 3.24491918e-001 3.21930468e-001 3.36247385e-001
    3.35390896e-001 3.34092379e-001 3.31963181e-001 3.31603348e-001
    3.32779527e-001 3.33826333e-001 3.34104270e-001 3.34417939e-001
    1.35789096e+000 1.35530806e+000 1.35798585e+000 1.36543632e+000
    1.37124133e+000 1.38246357e+000 1.40679514e+000 1.42972624e+000
    1.43478394e+000 1.43599892e+000 1.44267333e+000 1.47547960e+000
    1.49220896e+000 1.49880457e+000 1.50183606e+000 1.50015855e+000
    1.49927711e+000 1.49830019e+000 1.49651647e+000 1.49539208e+000
    -4.43798751e-001 -4.37607616e-001 -4.38284934e-001 -4.43250656e-001
    -4.57369208e-001 -4.75599825e-001 -4.85089153e-001 -4.86902326e-001
    -4.88526374e-001 -4.89013940e-001 -4.85914588e-001 -5.39811373e-001
    -5.32843530e-001 -5.10549009e-001 -5.06064177e-001 -5.02934933e-001
    -5.00171602e-001 -4.96169955e-001 -4.92725313e-001 -4.92187172e-001
    4.77533430e-001 4.74485636e-001 4.74287212e-001 4.74389315e-001
    4.73181784e-001 4.74074423e-001 4.70911205e-001 4.64978665e-001
    4.65797544e-001 4.64775324e-001 4.60270911e-001 4.70520973e-001
    4.75115687e-001 4.75633711e-001 4.72841471e-001 4.73143011e-001
    4.72967178e-001 4.72020179e-001 4.70638782e-001 4.71415043e-001
    1.31475270e+000 1.31077862e+000 1.31194329e+000 1.31819558e+000
    1.32212305e+000 1.32716370e+000 1.34242225e+000 1.35950708e+000
    1.36281323e+000 1.36279500e+000 1.36686683e+000 1.39676428e+000
    1.42010522e+000 1.42420411e+000 1.42561710e+000 1.42405367e+000
    1.42249477e+000 1.42067587e+000 1.41760027e+000 1.41487288e+000
    -5.43845296e-001 -5.38050056e-001 -5.39117396e-001 -5.15041828e-001
    -5.34256518e-001 -5.53499639e-001 -5.62749565e-001 -4.90198851e-001
    -5.01692176e-001 -5.71511090e-001 -5.33608317e-001 -5.80186486e-001
    -5.95153689e-001 -5.67330301e-001 -5.67965746e-001 -5.65210938e-001
    -5.58002353e-001 -5.57589114e-001 -5.53734064e-001 -5.51960528e-001
    5.68729877e-001 5.66043079e-001 5.66200256e-001 6.05524540e-001
    6.04637504e-001 6.07252717e-001 5.99462032e-001 6.19302034e-001
    6.17927074e-001 5.78930259e-001 5.95543623e-001 6.13406539e-001
    6.04677856e-001 6.09383464e-001 6.03912354e-001 6.04530931e-001
    6.08581841e-001 6.08180881e-001 6.06147707e-001 6.06100380e-001
    1.24851251e+000 1.24423933e+000 1.24511814e+000 1.28414917e+000
    1.28562808e+000 1.28401482e+000 1.29221129e+000 1.32907939e+000
    1.32357407e+000 1.28966117e+000 1.30417216e+000 1.33586669e+000
    1.36245644e+000 1.35852885e+000 1.35854065e+000 1.35975730e+000
    1.35705733e+000 1.35563004e+000 1.34921455e+000 1.34471154e+000
    -5.82671225e-001 -5.76861560e-001 -5.78017473e-001 -5.38989484e-001
    -5.59480071e-001 -5.78604102e-001 -5.88210106e-001 -4.90829557e-001
    -5.05773246e-001 -5.99013388e-001 -5.49889505e-001 -5.93310773e-001
    -6.15923762e-001 -5.86348355e-001 -5.88735998e-001 -5.86293995e-001
    -5.77259302e-001 -5.77803910e-001 -5.73789477e-001 -5.71775615e-001
    5.61908603e-001 5.59224427e-001 5.59365928e-001 6.49267793e-001
