<?xml version="1.0"?>
<opencv_storage>
<root type_id="opencv-matrix">
  <rows>60</rows>
  <cols>20</cols>
  <dt>f</dt>
  <data>
    -1.87221318e-001 -1.17087215e-001 -1.07890174e-001 -1.08656332e-001
    -1.08679116e-001 -1.09530047e-001 -1.09973833e-001 -1.12239935e-001
    -1.12491608e-001 -1.13126241e-001 -1.11837126e-001 -1.13898411e-001
    -1.14998057e-001 -1.15662768e-001 -1.15271188e-001 -1.17248543e-001
    -1.16335846e-001 -1.15842849e-001 -1.14854403e-001 -1.14837736e-001
    1.34098735e-002 8.66561010e-003 9.09975730e-003 1.09139308e-002
    1.53503483e-002 2.25893836e-002 2.17075571e-002 2.18406580e-002
    3.14849503e-002 2.78034620e-002 3.11415214e-002 2.77451389e-002
    4.48337384e-002 4.80873585e-002 4.60833088e-002 4.02053744e-002
    4.36079167e-002 4.69086915e-002 5.26431464e-002 4.77581657e-002
    1.37838399e+000 1.44011903e+000 1.45962083e+000 1.46263528e+000
    1.46261919e+000 1.46641040e+000 1.47322345e+000 1.48391676e+000
    1.48171425e+000 1.47759199e+000 1.47179329e+000 1.47014689e+000
    1.46746969e+000 1.46569264e+000 1.46189821e+000 1.46017301e+000
    1.45866454e+000 1.45907032e+000 1.45965970e+000 1.45761514e+000
    -1.77230433e-001 -1.01155631e-001 -9.15342122e-002 -9.21802744e-002
    -9.24715027e-002 -9.37770084e-002 -9.41513926e-002 -9.66478884e-002
    -9.70304385e-002 -9.77177322e-002 -9.65977162e-002 -9.78951976e-002
    -9.98145863e-002 -1.00765511e-001 -1.00175485e-001 -1.01711288e-001
    -1.01096012e-001 -1.00446396e-001 -9.97833163e-002 -9.96547565e-002
    5.85628599e-002 5.25736213e-002 5.10250777e-002 5.25846817e-002
    5.65733239e-002 6.24530353e-002 6.25043362e-002 6.24078996e-002
    7.09135830e-002 6.80202246e-002 7.05913976e-002 6.86718971e-002
    8.22376609e-002 8.50539654e-002 8.34038332e-002 7.86696449e-002
    8.15463662e-002 8.46277997e-002 8.90449360e-002 8.50603804e-002
    1.38133144e+000 1.44580531e+000 1.46628594e+000 1.46944964e+000
    1.46925533e+000 1.47346509e+000 1.48059714e+000 1.49139702e+000
    1.48869050e+000 1.48502457e+000 1.47929931e+000 1.47685659e+000
    1.47353280e+000 1.47140813e+000 1.46741223e+000 1.46592951e+000
    1.46425664e+000 1.46429360e+000 1.46505654e+000 1.46292067e+000
    -1.60673037e-001 -6.29200488e-002 -5.21416701e-002 -5.26004732e-002
    -5.46791889e-002 -5.85576482e-002 -5.89852445e-002 -6.26396388e-002
    -6.32842183e-002 -6.39890879e-002 -6.43696859e-002 -6.40206784e-002
    -6.74026608e-002 -6.98311701e-002 -6.89534694e-002 -6.86593503e-002
    -7.00356588e-002 -6.91109523e-002 -6.90937862e-002 -6.87462091e-002
    2.70669609e-001 2.82638848e-001 2.73570538e-001 2.73868382e-001
    2.75398850e-001 2.76323259e-001 2.77990013e-001 2.77998269e-001
    2.81270862e-001 2.80590564e-001 2.80207604e-001 2.80842185e-001
    2.82805622e-001 2.83323228e-001 2.83337653e-001 2.83206254e-001
    2.83208966e-001 2.83960193e-001 2.84557074e-001 2.83875287e-001
    1.38865590e+000 1.44732869e+000 1.47287059e+000 1.47581422e+000
    1.47538292e+000 1.48318875e+000 1.49126709e+000 1.50289011e+000
    1.49705851e+000 1.49460876e+000 1.48958266e+000 1.48448181e+000
    1.47763264e+000 1.47341084e+000 1.46943188e+000 1.46892917e+000
    1.46785617e+000 1.46556187e+000 1.46699345e+000 1.46446037e+000
    -2.01037392e-001 -9.31807160e-002 -7.84821063e-002 -7.93253481e-002
    -7.64963329e-002 -8.51626843e-002 -9.86891985e-002 -9.52784494e-002
    -9.61905122e-002 -1.10125080e-001 -1.01417430e-001 -9.47230235e-002
    -1.02284461e-001 -1.06114656e-001 -1.07653767e-001 -1.09944448e-001
    -1.05599582e-001 -1.10749625e-001 -1.06670290e-001 -1.07301302e-001
    4.07863021e-001 4.26818550e-001 4.18307513e-001 4.17085111e-001
    4.18483019e-001 4.17805195e-001 4.06089425e-001 4.21846807e-001
    4.13210034e-001 4.16968524e-001 4.25459921e-001 4.05466706e-001
    4.30903792e-001 4.30599749e-001 4.29332554e-001 4.26189691e-001
    4.28529203e-001 4.28681552e-001 4.31793571e-001 4.31976348e-001
    1.33134961e+000 1.39652336e+000 1.42085588e+000 1.42038739e+000
    1.41745782e+000 1.42320979e+000 1.43713307e+000 1.44742286e+000
    1.43908823e+000 1.44066632e+000 1.43625546e+000 1.43071938e+000
    1.42699289e+000 1.42117131e+000 1.41536427e+000 1.41050708e+000
    1.41027999e+000 1.41009247e+000 1.41228378e+000 1.41122174e+000
    -3.33932102e-001 -2.39687055e-001 -2.20811039e-001 -2.21400470e-001
    -2.18340486e-001 -2.21971020e-001 -2.26026699e-001 -2.26697609e-001
    -2.38095015e-001 -2.39888668e-001 -2.39656627e-001 -2.37930760e-001
    -2.48385161e-001 -2.52244741e-001 -2.45590508e-001 -2.45714113e-001
    -2.40893975e-001 -2.44350880e-001 -2.51195878e-001 -2.42254481e-001
    2.92046875e-001 2.80849308e-001 2.82447755e-001 2.86991477e-001
    2.87709296e-001 2.89146453e-001 2.91389138e-001 2.86226481e-001
    2.85608351e-001 2.84368724e-001 2.86626995e-001 2.87760496e-001
    2.92142063e-001 2.91005015e-001 2.89257735e-001 2.88423210e-001
    2.87564337e-001 2.89001495e-001 2.90922552e-001 2.90620983e-001
    1.51203907e+000 1.58640969e+000 1.61091042e+000 1.61679673e+000
    1.61660433e+000 1.62596750e+000 1.63815558e+000 1.64874005e+000
    1.64995193e+000 1.64824283e+000 1.64690924e+000 1.64288235e+000
    1.64288473e+000 1.64195549e+000 1.63672423e+000 1.63450968e+000
    1.63235271e+000 1.63568437e+000 1.63913846e+000 1.63230860e+000
    -4.92785335e-001 -4.04802501e-001 -3.77036035e-001 -3.72827113e-001
    -3.72400224e-001 -3.72949034e-001 -3.76539946e-001 -3.81222874e-001
    -3.89965624e-001 -3.92911047e-001 -3.88187408e-001 -3.91395301e-001
    -3.92289430e-001 -3.94671857e-001 -3.94319683e-001 -3.94424260e-001
    -3.94892722e-001 -3.93538833e-001 -3.95444542e-001 -3.96527290e-001
    3.85007560e-001 3.92116964e-001 3.94868135e-001 3.98176074e-001
    4.00524288e-001 4.01548266e-001 3.99948359e-001 3.95287275e-001
    3.93143177e-001 3.93428385e-001 3.89654368e-001 3.92980874e-001
    3.89737159e-001 3.91999990e-001 3.92767847e-001 3.92514348e-001
    3.93141955e-001 3.95780712e-001 3.97047311e-001 3.95614266e-001
    1.46614861e+000 1.54504406e+000 1.57488298e+000 1.58548617e+000
    1.59059560e+000 1.59912336e+000 1.60975838e+000 1.62564027e+000
    1.63053262e+000 1.63042283e+000 1.63014317e+000 1.62845600e+000
    1.62584794e+000 1.62614942e+000 1.62409365e+000 1.62281597e+000
    1.62149811e+000 1.62614655e+000 1.62896860e+000 1.62795722e+000
    -6.27292752e-001 -5.30022621e-001 -5.02066135e-001 -4.98390555e-001
    -4.95958567e-001 -4.96307492e-001 -4.99540776e-001 -5.04085600e-001
    -5.14280260e-001 -5.18438280e-001 -5.14453650e-001 -5.17092407e-001
    -5.17507613e-001 -5.21021187e-001 -5.21072268e-001 -5.21646678e-001
    -5.22839427e-001 -5.20330906e-001 -5.23175359e-001 -5.24956107e-001
    4.92435455e-001 4.90007043e-001 4.96728390e-001 5.01908183e-001
    5.03220260e-001 5.04624486e-001 5.01164675e-001 4.93203998e-001
    4.89519596e-001 4.89075512e-001 4.86812264e-001 4.89439607e-001
    4.87304509e-001 4.88530040e-001 4.89327610e-001 4.88823235e-001
    4.88827646e-001 4.92812157e-001 4.93058771e-001 4.91135031e-001
    1.43876672e+000 1.53748560e+000 1.57079232e+000 1.58432233e+000
    1.59103715e+000 1.60076237e+000 1.61380279e+000 1.63240409e+000
    1.63944316e+000 1.63931632e+000 1.63948393e+000 1.63912034e+000
    1.63677025e+000 1.63767242e+000 1.63563263e+000 1.63518047e+000
    1.63457322e+000 1.64206147e+000 1.64571869e+000 1.64496863e+000
    -6.78718925e-001 -5.72301507e-001 -5.38823187e-001 -5.35116374e-001
    -5.32910943e-001 -5.33345282e-001 -5.37441850e-001 -5.43009043e-001
    -5.53274810e-001 -5.55301785e-001 -5.56251347e-001 -5.56097806e-001
    -5.57859302e-001 -5.62177062e-001 -5.57926595e-001 -5.56993008e-001
    -5.64102232e-001 -5.61214626e-001 -5.56557357e-001 -5.66732109e-001
    5.36873400e-001 5.29165030e-001 5.33291817e-001 5.38269997e-001
