<?xml version="1.0"?>
<opencv_storage>
<root type_id="opencv-matrix">
  <rows>60</rows>
  <cols>20</cols>
  <dt>f</dt>
  <data>
    2.06517614e-002 3.09146978e-002 4.02444378e-002 4.07447778e-002
    5.24192341e-002 4.58661839e-002 4.57952842e-002 5.03924415e-002
    3.87740843e-002 4.06068750e-002 4.78601232e-002 5.08028381e-002
    4.76959348e-002 4.98293787e-002 5.04541136e-002 4.90206331e-002
    4.79834117e-002 4.79238592e-002 5.05952872e-002 5.24796620e-002
    -1.39334381e-001 -1.42511398e-001 -1.42499685e-001 -1.47659659e-001
    -1.51299566e-001 -1.57916874e-001 -1.57604665e-001 -1.50704965e-001
    -1.51073009e-001 -1.50073543e-001 -1.49989963e-001 -1.48787200e-001
    -1.51583388e-001 -1.55106321e-001 -1.55877486e-001 -1.51447386e-001
    -1.53606117e-001 -1.53841242e-001 -1.55836001e-001 -1.56307042e-001
    1.46579885e+000 1.43601573e+000 1.42885625e+000 1.42716718e+000
    1.42124176e+000 1.42597771e+000 1.42819881e+000 1.42416370e+000
    1.42086875e+000 1.41627502e+000 1.41890287e+000 1.42328644e+000
    1.42394066e+000 1.42083669e+000 1.41870618e+000 1.41906428e+000
    1.41916466e+000 1.42081583e+000 1.42400563e+000 1.42109048e+000
    3.54945660e-002 4.80206572e-002 5.76283187e-002 5.95690496e-002
    7.17454255e-002 6.70973957e-002 6.63046986e-002 6.87770694e-002
    5.75638302e-002 5.80185913e-002 6.57985732e-002 6.87609240e-002
    6.60709739e-002 6.74945787e-002 6.85462207e-002 6.70202747e-002
    6.59322366e-002 6.66470677e-002 6.91938028e-002 7.11275935e-002
    -8.00731033e-002 -8.32682773e-002 -8.38217512e-002 -8.98871124e-002
    -9.39916670e-002 -1.00284286e-001 -9.94823650e-002 -9.33395997e-002
    -9.27037001e-002 -9.23089832e-002 -9.24226269e-002 -9.14633572e-002
    -9.39065889e-002 -9.75772142e-002 -9.81435478e-002 -9.46840346e-002
    -9.67391878e-002 -9.72253010e-002 -9.88878459e-002 -9.94373411e-002
    1.46011412e+000 1.42983568e+000 1.42155826e+000 1.41904068e+000
    1.41424584e+000 1.41860008e+000 1.42128575e+000 1.41786516e+000
    1.41472363e+000 1.40993261e+000 1.41209495e+000 1.41656303e+000
    1.41703260e+000 1.41363430e+000 1.41171849e+000 1.41177094e+000
    1.41147101e+000 1.41308498e+000 1.41622925e+000 1.41358817e+000
    1.13993086e-001 1.33806795e-001 1.46106601e-001 1.55119047e-001
    1.68678254e-001 1.71480864e-001 1.68822512e-001 1.60263926e-001
    1.50804311e-001 1.46007299e-001 1.56301513e-001 1.59485072e-001
    1.57193750e-001 1.56412303e-001 1.58985004e-001 1.56347841e-001
    1.55640543e-001 1.60545424e-001 1.62734464e-001 1.64626956e-001
    2.14798346e-001 2.12795734e-001 2.08313257e-001 1.97104946e-001
    1.91726863e-001 1.87380075e-001 1.90476179e-001 1.94602907e-001
    1.98829576e-001 1.97096646e-001 1.95271283e-001 1.95326731e-001
    1.93718523e-001 1.89049393e-001 1.88616201e-001 1.90005451e-001
    1.87737957e-001 1.85968444e-001 1.85919806e-001 1.84785038e-001
    1.43547487e+000 1.41185379e+000 1.39879358e+000 1.39307463e+000
    1.39287663e+000 1.39690578e+000 1.40181458e+000 1.40062070e+000
    1.39838779e+000 1.39217639e+000 1.39314139e+000 1.39827001e+000
    1.39765704e+000 1.39177263e+000 1.39097893e+000 1.39019370e+000
    1.38837063e+000 1.38989365e+000 1.39238834e+000 1.39051306e+000
    1.65656716e-001 1.84180379e-001 1.93732917e-001 2.07899690e-001
    2.26864591e-001 2.25954324e-001 2.25212902e-001 2.12314904e-001
    2.00216353e-001 1.95335537e-001 2.12559789e-001 2.09947631e-001
    2.05588028e-001 2.09507823e-001 2.12251678e-001 2.07566157e-001
    2.07372427e-001 2.11998433e-001 2.11542517e-001 2.16004372e-001
    3.49899828e-001 3.54035258e-001 3.40515435e-001 3.24706912e-001
    3.22210819e-001 3.14770520e-001 3.16350102e-001 3.25158209e-001
    3.27317417e-001 3.31614345e-001 3.32800448e-001 3.33746850e-001
    3.24574471e-001 3.09168607e-001 3.09838951e-001 3.17735612e-001
    3.17722648e-001 3.24559271e-001 3.15464646e-001 3.14108729e-001
    1.39505672e+000 1.36591208e+000 1.35537851e+000 1.34721470e+000
    1.35152018e+000 1.35891366e+000 1.36288738e+000 1.36238563e+000
    1.35942411e+000 1.35155809e+000 1.35213852e+000 1.35785842e+000
    1.35547268e+000 1.34307337e+000 1.34413862e+000 1.34267628e+000
    1.33773303e+000 1.34017122e+000 1.34693086e+000 1.34267640e+000
    -4.75657433e-002 -2.83867903e-002 -1.88387744e-002 -9.27379914e-003
    7.41325039e-003 5.31690149e-003 7.19883572e-003 -1.87635841e-003
    -1.67488288e-002 -1.98927075e-002 -5.86883305e-003 -4.21805307e-003
    -7.15788128e-003 -5.47019346e-003 -5.57080028e-004 -6.57164026e-003
    -7.65375467e-003 -8.57224921e-004 3.55997821e-003 5.65454131e-003
    1.36462331e-001 1.37998864e-001 1.35109991e-001 1.26015753e-001
    1.10330023e-001 9.68283266e-002 1.03625044e-001 1.18319780e-001
    1.11228079e-001 1.16670221e-001 1.19773477e-001 1.21074118e-001
    1.19403362e-001 1.06720969e-001 1.08394273e-001 1.16996504e-001
    1.12007461e-001 1.14057451e-001 1.12425253e-001 1.12378553e-001
    1.39776158e+000 1.38175809e+000 1.37289774e+000 1.36651897e+000
    1.36228049e+000 1.36710870e+000 1.36799359e+000 1.37188745e+000
    1.36858082e+000 1.36615169e+000 1.37010741e+000 1.37541068e+000
    1.37529337e+000 1.36579990e+000 1.36517906e+000 1.36839676e+000
    1.36842775e+000 1.36965740e+000 1.37215436e+000 1.37027955e+000
    -2.69903362e-001 -2.42918819e-001 -2.34183490e-001 -2.34849080e-001
    -2.13647455e-001 -2.15607598e-001 -2.16185465e-001 -2.22280473e-001
    -2.34763369e-001 -2.37590119e-001 -2.21857697e-001 -2.20624924e-001
    -2.21839324e-001 -2.22793847e-001 -2.17279658e-001 -2.21487537e-001
    -2.21309990e-001 -2.14466304e-001 -2.11367115e-001 -2.10527956e-001
    5.70193827e-002 5.69237694e-002 5.33779487e-002 6.30099252e-002
    4.83802892e-002 3.83356027e-002 4.29030247e-002 4.24162447e-002
    3.78405824e-002 3.79334986e-002 4.07594740e-002 4.21658009e-002
    3.77567112e-002 3.92562002e-002 3.92973199e-002 3.77817005e-002
    3.58700752e-002 3.74106541e-002 3.95299047e-002 4.21203971e-002
    1.49010146e+000 1.48703074e+000 1.47672236e+000 1.46335089e+000
    1.46786427e+000 1.47438252e+000 1.47006619e+000 1.47080934e+000
    1.47323751e+000 1.46829915e+000 1.47519839e+000 1.48012412e+000
    1.48141849e+000 1.47584200e+000 1.47560239e+000 1.47619796e+000
    1.48017073e+000 1.48112774e+000 1.48373628e+000 1.48148978e+000
    -4.29472208e-001 -4.19150382e-001 -3.88509512e-001 -3.93553287e-001
    -3.72362465e-001 -3.92429531e-001 -3.98515195e-001 -4.00953323e-001
    -3.93886209e-001 -4.10368800e-001 -3.91688019e-001 -3.76784831e-001
    -3.96428198e-001 -3.94925684e-001 -3.73745859e-001 -3.92347217e-001
    -3.94278079e-001 -3.94865632e-001 -3.95722210e-001 -3.70720208e-001
    -3.58237475e-002 -7.49643445e-002 -4.41608876e-002 -3.77780795e-002
    -4.77591790e-002 -7.92510957e-002 -7.75931329e-002 -8.23333114e-002
    -6.45063147e-002 -8.34817067e-002 -7.85238892e-002 -5.94917759e-002
    -8.18525776e-002 -7.68948346e-002 -6.20910451e-002 -8.03809538e-002
    -8.40938613e-002 -8.55850875e-002 -8.61542374e-002 -5.20259812e-002
    1.53923559e+000 1.54479885e+000 1.53214371e+000 1.50205004e+000
    1.51503277e+000 1.51737452e+000 1.51069212e+000 1.51067948e+000
    1.50730717e+000 1.50773144e+000 1.52466643e+000 1.52535689e+000
    1.52724195e+000 1.51961863e+000 1.52131891e+000 1.52215719e+000
    1.53266561e+000 1.53749287e+000 1.54300618e+000 1.52979171e+000
    -4.97439414e-001 -4.73583311e-001 -4.54579979e-001 -4.33829099e-001
    -4.24531996e-001 -4.51961666e-001 -4.58090901e-001 -4.60742086e-001
    -4.21882987e-001 -4.68183637e-001 -4.51093614e-001 -4.28432316e-001
    -4.55740362e-001 -4.51738179e-001 -4.25199568e-001 -4.51489091e-001
    -4.52366292e-001 -4.51990455e-001 -4.49932575e-001 -4.21000868e-001
    -7.64372498e-002 -5.11861220e-002 -8.63213986e-002 -5.99853545e-002
