<?xml version="1.0"?>
<opencv_storage>
<root type_id="opencv-matrix">
  <rows>60</rows>
  <cols>20</cols>
  <dt>f</dt>
  <data>
    -3.10698777e-001 -2.94882864e-001 -2.87514150e-001 -2.82585382e-001
    -2.80639619e-001 -2.82293499e-001 -2.83745795e-001 -2.82918692e-001
    -2.81206131e-001 -2.80038655e-001 -2.77869463e-001 -2.76037544e-001
    -2.76519477e-001 -2.76394457e-001 -2.76193321e-001 -2.75106341e-001
    -2.72437304e-001 -2.72261411e-001 -2.72348315e-001 -2.71332711e-001
    -1.01230992e-002 -8.08214117e-003 -1.14122145e-002 -1.74014922e-002
    -1.03428010e-002 -1.09353019e-002 -7.80422473e-003 -9.12986882e-003
    -6.62943022e-003 -5.96157368e-003 -5.19844098e-003 -7.78693333e-003
    -3.76981124e-003 -3.25612444e-003 -3.11459834e-003 2.99152889e-004
    -1.46887894e-003 -2.38644163e-004 1.85081299e-004 -7.39007955e-005
    1.57278621e+000 1.56952965e+000 1.56676745e+000 1.56920063e+000
    1.57485962e+000 1.58003056e+000 1.57962668e+000 1.58026290e+000
    1.57899547e+000 1.57573366e+000 1.57282937e+000 1.57318020e+000
    1.57315361e+000 1.57150531e+000 1.56970811e+000 1.56893218e+000
    1.56799388e+000 1.56721759e+000 1.56600010e+000 1.56433988e+000
    -3.17932129e-001 -3.01324278e-001 -2.94396877e-001 -2.89351791e-001
    -2.87730783e-001 -2.89605588e-001 -2.91264296e-001 -2.90142506e-001
    -2.88042694e-001 -2.86580473e-001 -2.84261853e-001 -2.82665163e-001
    -2.83084691e-001 -2.82890201e-001 -2.82671958e-001 -2.81179845e-001
    -2.78280914e-001 -2.78185993e-001 -2.78284758e-001 -2.76959240e-001
    3.77280749e-002 3.94739360e-002 3.64276059e-002 3.11997477e-002
    3.73256095e-002 3.72790843e-002 4.00174335e-002 3.88885215e-002
    4.09158394e-002 4.16088663e-002 4.22304049e-002 3.98368537e-002
    4.35316935e-002 4.41027433e-002 4.43153419e-002 4.66781855e-002
    4.52798866e-002 4.64885160e-002 4.70768251e-002 4.65918258e-002
    1.56902802e+000 1.56490088e+000 1.56170332e+000 1.56372380e+000
    1.56956434e+000 1.57526875e+000 1.57445490e+000 1.57585287e+000
    1.57467449e+000 1.57146311e+000 1.56833208e+000 1.56867278e+000
    1.56870437e+000 1.56699574e+000 1.56497872e+000 1.56422257e+000
    1.56385517e+000 1.56301570e+000 1.56170893e+000 1.56015241e+000
    -3.47127676e-001 -3.27594101e-001 -3.22672486e-001 -3.16722095e-001
    -3.17092389e-001 -3.20212990e-001 -3.22849810e-001 -3.20154935e-001
    -3.15102935e-001 -3.11648905e-001 -3.09915990e-001 -3.08869869e-001
    -3.09554368e-001 -3.08936447e-001 -3.09160411e-001 -3.04557115e-001
    -3.01081717e-001 -3.00948113e-001 -3.01999569e-001 -2.98407316e-001
    2.76036799e-001 2.77776986e-001 2.76031017e-001 2.74359018e-001
    2.76935905e-001 2.79236257e-001 2.80365109e-001 2.80109823e-001
    2.78876483e-001 2.79063076e-001 2.80533582e-001 2.79678524e-001
    2.81184614e-001 2.81270891e-001 2.82525510e-001 2.81113803e-001
    2.79542804e-001 2.80705959e-001 2.82507151e-001 2.81250983e-001
    1.55879104e+000 1.54954147e+000 1.54433584e+000 1.54515731e+000
    1.55242324e+000 1.56071651e+000 1.55722821e+000 1.56269848e+000
    1.56214201e+000 1.55957687e+000 1.55445802e+000 1.55570912e+000
    1.55558646e+000 1.55311501e+000 1.54962432e+000 1.54930353e+000
    1.55201435e+000 1.55194843e+000 1.54809487e+000 1.54808438e+000
    -3.30861658e-001 -3.05655301e-001 -2.93297142e-001 -2.88995653e-001
    -2.83478111e-001 -2.88004369e-001 -2.82132626e-001 -2.91128516e-001
    -2.73207188e-001 -2.70618916e-001 -2.68362582e-001 -2.65720874e-001
    -2.66063631e-001 -2.65118390e-001 -2.65925884e-001 -2.60885209e-001
    -2.67407000e-001 -2.50519872e-001 -2.50413746e-001 -2.76543856e-001
    4.19344306e-001 4.22752142e-001 4.17978197e-001 4.14281875e-001
    4.15009618e-001 4.18526679e-001 4.19175714e-001 4.20138091e-001
    4.18396920e-001 4.19495940e-001 4.21979606e-001 4.19894785e-001
    4.21710402e-001 4.20865715e-001 4.23554927e-001 4.20550019e-001
    4.20036733e-001 4.19370651e-001 4.21896577e-001 4.24291164e-001
    1.49732292e+000 1.48699188e+000 1.47688007e+000 1.47967780e+000
    1.48755252e+000 1.49630034e+000 1.48977125e+000 1.49786747e+000
    1.49434531e+000 1.48825276e+000 1.48432708e+000 1.48566866e+000
    1.48414397e+000 1.48126936e+000 1.47918892e+000 1.47853827e+000
    1.48297560e+000 1.47919285e+000 1.47640026e+000 1.47411430e+000
    -3.98836613e-001 -3.74605209e-001 -3.62915605e-001 -3.52997184e-001
    -3.49122286e-001 -3.51924181e-001 -3.53748113e-001 -3.53680760e-001
    -3.49749506e-001 -3.44565958e-001 -3.42359245e-001 -3.41371864e-001
    -3.40733290e-001 -3.39950979e-001 -3.39321375e-001 -3.36723179e-001
    -3.34467262e-001 -3.32709819e-001 -3.31459671e-001 -3.30079436e-001
    1.62987411e-001 1.62321657e-001 1.57259271e-001 1.50573611e-001
    1.49592653e-001 1.52012467e-001 1.54066980e-001 1.54851839e-001
    1.55408978e-001 1.55360281e-001 1.55444890e-001 1.55764088e-001
    1.55680418e-001 1.55166090e-001 1.54982537e-001 1.54969946e-001
    1.55396327e-001 1.55655935e-001 1.55975297e-001 1.55685276e-001
    1.45035756e+000 1.44493246e+000 1.43997383e+000 1.43878913e+000
    1.44275677e+000 1.44888794e+000 1.44959557e+000 1.44989681e+000
    1.44831884e+000 1.44352865e+000 1.44144177e+000 1.44144034e+000
    1.44092143e+000 1.43877280e+000 1.43760705e+000 1.43623090e+000
    1.43465734e+000 1.43453205e+000 1.43415785e+000 1.43320215e+000
    -2.11089864e-001 -1.90344334e-001 -1.82418585e-001 -1.75332949e-001
    -1.70377180e-001 -1.72686532e-001 -1.73497617e-001 -1.72365636e-001
    -1.68360606e-001 -1.64493263e-001 -1.62578359e-001 -1.61310792e-001
    -1.60299122e-001 -1.59101695e-001 -1.58027470e-001 -1.55280828e-001
    -1.52670860e-001 -1.51332363e-001 -1.50150284e-001 -1.48819208e-001
    4.53702211e-002 3.80059928e-002 2.67687589e-002 1.70092732e-002
    1.74084455e-002 1.90837383e-002 2.14942247e-002 2.26075351e-002
    2.25421041e-002 2.03102678e-002 1.92056745e-002 1.94144845e-002
    1.92416459e-002 1.87156200e-002 1.86865926e-002 1.86367631e-002
    1.88058615e-002 1.82128102e-002 1.80869251e-002 1.72601789e-002
    1.42312431e+000 1.42316914e+000 1.42539787e+000 1.44024348e+000
    1.44796026e+000 1.45058239e+000 1.45021391e+000 1.44899511e+000
    1.44824815e+000 1.44587517e+000 1.44315910e+000 1.44429433e+000
    1.44423318e+000 1.44194746e+000 1.44176638e+000 1.44251013e+000
    1.44064713e+000 1.44093239e+000 1.44090974e+000 1.44023740e+000
    -5.85793704e-002 2.19599009e-002 -3.48724574e-002 2.36204118e-002
    3.02331001e-002 2.90355682e-002 2.98103839e-002 3.17515284e-002
    3.54885161e-002 3.87734771e-002 4.11826819e-002 4.16288227e-002
    4.25433517e-002 4.39623594e-002 4.50946093e-002 4.46678922e-002
    2.10398547e-002 5.19790649e-002 4.96561415e-002 4.58072610e-002
    -1.42150596e-002 -2.36753710e-002 -4.48500142e-002 -7.10197166e-002
    -6.90923333e-002 -6.80496618e-002 -6.40964285e-002 -6.38253391e-002
    -6.54732808e-002 -6.95167184e-002 -7.17280582e-002 -7.26366714e-002
    -7.32182264e-002 -7.33769909e-002 -7.41509497e-002 -7.47492760e-002
    -7.38016441e-002 -7.59420916e-002 -7.75056928e-002 -7.54656270e-002
    1.41785502e+000 1.43562424e+000 1.42974794e+000 1.48032165e+000
    1.48606515e+000 1.48490965e+000 1.48279846e+000 1.47871196e+000
    1.47868896e+000 1.47787607e+000 1.47259235e+000 1.47746134e+000
    1.47902274e+000 1.47808433e+000 1.47796881e+000 1.48027301e+000
    1.46963024e+000 1.47859514e+000 1.47977352e+000 1.47612715e+000
    1.08526349e-002 5.93602173e-002 3.19275409e-002 7.62617886e-002
    8.24424997e-002 8.11212212e-002 8.14811960e-002 8.22405368e-002
    8.62761438e-002 9.04946253e-002 8.96420181e-002 9.23665762e-002
    9.35825557e-002 9.47273821e-002 9.60263088e-002 9.45644528e-002
    7.91304260e-002 1.02620900e-001 1.01040989e-001 9.64080542e-002
    -2.89557502e-002 -6.05185144e-002 -6.84046000e-002 -8.01934451e-002
