<?xml version="1.0"?>
<opencv_storage>
<root type_id="opencv-matrix">
  <rows>60</rows>
  <cols>1</cols>
  <dt>f</dt>
  <data>
    -2.22557813e-001 -3.33217978e-001 9.00462508e-001 -2.26194888e-001
    -2.96547264e-001 8.71119380e-001 -2.45334774e-001 -1.08784258e-001
    7.38216877e-001 -1.38283059e-001 1.23047205e-002 6.73698843e-001
    -3.12819809e-001 -1.26172841e-001 6.99304819e-001 -3.14114898e-001
    -2.79263020e-001 8.21905851e-001 -1.61891252e-001 -2.16874316e-001
    6.80182099e-001 -1.64949477e-001 -1.70340270e-001 6.61658764e-001
    -1.44379899e-001 -1.61994010e-001 6.49006009e-001 -2.17642710e-002
    -8.44668150e-002 5.72552323e-001 -1.05718970e-001 3.94984707e-002
    6.05240047e-001 -1.63647860e-001 5.04208766e-002 5.71568012e-001
    -3.28668475e-001 -3.62960309e-001 9.12419081e-001 6.49557114e-002
    -3.12703788e-001 9.80642617e-001 -2.52138615e-001 -3.06311131e-001
    9.55080152e-001 -2.98106551e-001 -3.41204137e-001 9.05776083e-001
    -1.10019028e-001 -3.68102401e-001 9.33444560e-001 2.39384055e-001
    -3.99642915e-001 8.98227513e-001 5.13401389e-001 -4.24378395e-001
    8.58683825e-001 5.35503566e-001 -4.68120605e-001 8.00721943e-001</data></root>
</opencv_storage>
